1	11313
2	16885
3	20831
4	23470
5	24340
6	24711
7	24268
8	23418
9	22145
10	20814
11	19762
12	18360
13	17333
14	15946
15	14763
16	13873
17	12796
18	11821
19	11124
20	10100
21	9541
22	8930
23	8382
24	7879
25	7313
26	6766
27	6063
28	5598
29	5260
30	4848
31	4587
32	4545
33	4242
34	4065
35	3959
36	3684
37	3519
38	3305
39	3063
40	2736
41	2500
42	2256
43	2097
44	1818
45	1857
46	1679
47	1561
48	1604
49	1546
50	1569
51	1567
52	1601
53	1623
54	1558
55	1433
56	1413
57	1282
58	1217
59	1064
60	1037
61	926
62	759
63	750
64	607
65	512
66	494
67	462
68	403
69	425
70	428
71	405
72	435
73	441
74	461
75	478
76	478
77	517
78	517
79	471
80	531
81	545
82	506
83	528
84	448
85	451
86	393
87	362
88	352
89	317
90	267
91	253
92	213
93	176
94	167
95	130
96	122
97	93
98	106
99	88
100	63
101	71
102	54
103	66
104	75
105	62
106	65
107	73
108	76
109	84
110	88
111	90
112	125
113	107
114	129
115	128
116	147
117	142
118	159
119	143
120	139
121	126
122	123
123	140
124	130
125	132
126	146
127	113
128	111
129	98
130	94
131	95
132	69
133	73
134	67
135	55
136	52
137	37
138	36
139	38
140	26
141	25
142	27
143	23
144	16
145	10
146	3
147	8
148	6
149	8
150	11
151	5
152	6
153	3
154	5
155	4
156	7
157	9
158	9
159	8
160	12
161	8
162	7
163	10
164	15
165	14
166	20
167	19
168	20
169	24
170	23
171	18
172	20
173	25
174	20
175	27
176	33
177	31
178	22
179	18
180	31
181	26
182	23
183	34
184	23
185	19
186	30
187	18
188	33
189	25
190	23
191	22
192	21
193	26
194	17
195	13
196	15
197	12
198	10
199	13
200	7
201	8
202	5
203	8
204	8
205	10
206	2
207	9
208	7
209	5
210	4
211	7
212	1
213	2
217	1
219	1
220	1
221	2
223	1
224	1
234	1
237	1
240	2
244	2
245	1
246	1
247	2
249	2
251	3
252	2
253	4
254	3
255	5
257	3
258	3
259	5
260	3
261	4
262	4
263	4
264	6
265	9
266	2
267	3
268	4
269	5
270	4
271	5
272	3
273	6
274	6
275	7
276	4
277	6
278	4
279	1
280	7
281	3
282	5
283	1
285	1
286	3
288	1
289	2
290	2
291	1
292	2
294	3
295	2
297	1
298	1
300	1
301	1
302	1
303	2
369	2
383	1
385	1
389	2
394	1
396	1
402	1
403	2
405	1
409	1
410	1
413	1
415	1
420	1
422	1
435	1
635	1
